ISS (ZARYA)
1 25544U 98067A   26030.50000000  .00006798  00000+0  12542-3 0  9991
2 25544  51.6416 247.4627 0006703 130.5360 229.6213 15.54174100 43770
HUBBLE SPACE TELESCOPE
1 20580U 90037B   26030.25000000  .00000732  00000+0  37200-4 0  9993
2 20580  28.4700 120.3200 0002765  45.2100 314.9200 15.09110230 92340
TERRA (EOS AM-1)
1 25994U 99068A   26030.40000000  .00000120  00000+0  33830-4 0  9995
2 25994  98.2104  47.6300 0001234  95.3400 264.8000 14.57107260 78430
LANDSAT 9
1 49260U 21088A   26030.35000000  .00000080  00000+0  23120-4 0  9997
2 49260  98.2200 102.3400 0001400 100.2500 260.0000 14.57300200 19870
NOAA 20 (JPSS-1)
1 43013U 17073A   26030.45000000  .00000067  00000+0  21560-4 0  9992
2 43013  98.7200  30.5600 0001560  78.4300 281.7000 14.19560050 32540
COSMOS 2558
1 53328U 22089A   26030.30000000  .00000230  00000+0  15420-4 0  9994
2 53328  97.2500 165.4800 0012300 234.5600 125.3400 15.22543200 18760
STARLINK-4567
1 54321U 22100A   26030.50000000  .00012300  00000+0  82100-4 0  9996
2 54321  53.2200  88.7600 0001800 267.3400  92.7400 15.06389200 15430
STARLINK-5123
1 55123U 23015B   26030.48000000  .00009800  00000+0  65200-4 0  9998
2 55123  53.2100 148.9200 0001500  45.6700 314.4500 15.06420100 11250
